	marker1	marker2	marker3	marker4	marker5	marker6	marker7
1	1	2	2	1	2	3	2
1	1	1	2	1	2	2	3
2	1	1	3	1	1	3	3
2	1	1	3	1	1	3	3
3	1	3	3	1	0	2	2
3	1	3	3	1	0	2	2
4	1	3	2	1	3	2	0
4	1	3	2	1	3	2	2
5	1	1	2	3	2	2	0
5	1	1	2	2	1	3	3
6	1	3	2	1	1	3	3
6	1	1	2	1	2	2	2
7	1	1	3	0	0	2	2
7	1	3	2	0	0	2	2
8	1	1	2	2	1	3	3
8	1	1	2	2	1	2	0
9	1	3	3	1	0	2	2
9	1	2	3	1	0	3	2
10	2	1	3	1	2	3	2
10	2	2	3	1	2	3	2
11	1	3	2	1	0	1	0
11	1	3	3	1	2	2	2
12	1	3	3	1	0	2	2
12	1	3	2	1	1	2	2
13	1	3	3	0	1	2	2
13	1	3	3	3	0	2	2
14	1	1	2	1	3	2	3
14	1	1	2	1	1	3	2
15	1	3	3	3	0	2	2
15	2	2	3	2	1	2	2
16	2	1	3	1	2	2	2
16	1	3	3	3	1	2	0
17	1	3	2	1	1	3	0
17	1	1	3	1	2	3	3
18	1	3	2	3	3	2	0
18	1	3	3	3	2	2	0
19	1	3	2	1	3	2	2
19	1	3	2	1	0	2	0
20	1	2	3	1	0	2	0
20	1	3	2	1	2	2	0
21	1	1	2	1	2	3	2
21	1	2	2	1	3	3	3
22	1	3	3	1	0	2	2
22	1	3	3	3	0	2	2
23	2	3	3	1	0	2	2
23	1	1	3	3	0	2	0
24	1	1	3	1	2	2	2
24	1	1	2	1	1	2	2
25	1	2	2	1	2	3	2
25	1	2	2	1	2	1	2
26	1	1	3	1	0	2	2
26	2	3	3	1	1	2	0
27	1	2	2	1	2	2	0
27	1	3	2	3	2	3	0
28	1	3	2	1	0	2	2
28	1	3	3	3	0	2	3
29	1	1	2	2	1	3	2
29	1	3	2	1	1	3	2
30	2	2	2	1	0	3	2
30	2	2	2	1	2	3	0
31	1	1	2	1	2	2	2
31	1	1	2	1	3	3	2
32	1	1	2	1	2	3	3
32	1	1	3	1	1	3	2
33	1	3	2	1	0	2	0
33	1	3	2	1	2	2	0
34	1	3	2	3	0	2	0
34	1	3	3	2	2	2	2
35	1	0	2	1	1	2	3
35	1	0	3	1	1	3	2
36	1	2	2	1	2	3	2
36	1	1	3	1	2	3	3
37	1	3	3	1	2	3	3
37	1	3	2	0	2	2	2
38	1	1	2	1	0	3	2
38	2	1	2	1	0	3	2
39	1	3	2	1	0	2	2
39	1	3	2	1	0	2	2
40	1	1	2	1	1	3	0
40	1	1	2	1	1	2	2
41	1	0	2	3	1	2	2
41	1	0	2	2	1	3	0
42	1	3	3	2	0	2	0
42	1	3	3	1	0	2	2
43	1	3	2	3	1	2	2
43	1	0	2	2	1	2	0
44	1	1	2	1	3	2	0
44	1	3	2	1	2	3	0
45	1	3	3	1	1	2	0
45	2	3	3	1	0	2	2
46	1	3	2	1	2	2	0
46	1	3	3	1	0	2	0
47	1	3	3	1	0	2	2
47	1	3	3	1	0	2	2
48	1	1	2	1	3	2	0
48	1	1	2	1	2	3	3
49	1	3	2	3	2	2	0
49	1	3	2	1	3	2	0
50	1	3	3	1	0	2	0
50	1	1	3	1	0	2	2
51	2	2	3	1	2	3	3
51	1	1	2	1	2	1	3
52	1	2	2	1	2	3	2
52	1	2	2	1	2	1	3
53	1	1	2	2	1	3	2
53	1	1	2	1	1	3	0
54	2	3	3	3	0	2	2
54	1	3	3	1	0	2	0
55	1	2	2	1	2	2	2
55	1	2	2	1	2	3	2
56	1	1	2	1	2	2	0
56	2	1	2	1	0	3	2
57	1	3	2	2	1	2	3
57	1	1	2	1	3	2	0
58	1	1	2	1	1	3	3
58	1	1	2	2	0	3	2
59	2	2	2	1	0	3	0
59	2	2	3	1	0	3	3
60	1	3	2	1	2	2	0
60	1	3	2	1	0	2	0
61	2	3	2	3	1	2	2
61	1	3	2	3	0	2	2
62	1	2	2	1	3	2	0
62	1	3	2	1	0	2	0
63	1	1	2	1	2	2	2
63	1	3	3	1	3	2	3
64	1	0	2	1	1	3	0
64	1	0	2	1	1	2	3
65	1	1	2	1	3	2	0
65	1	1	2	1	1	3	0
66	1	2	2	1	2	1	2
66	1	2	2	1	0	1	2
67	1	2	3	1	2	3	2
67	1	1	2	1	1	3	2
68	1	3	2	1	1	2	0
68	1	3	2	1	2	2	0
69	1	1	3	1	2	3	2
69	1	1	2	1	2	1	3
70	1	0	2	2	1	1	3
70	1	1	2	1	1	3	2
71	2	3	3	3	0	2	0
71	1	3	3	2	0	2	2
72	1	0	2	2	1	3	3
72	1	0	2	1	1	2	3
73	1	1	2	2	0	2	0
73	1	1	2	1	1	2	0
74	1	2	3	1	0	2	2
74	1	1	2	1	1	3	2
75	1	1	2	1	1	3	0
75	1	0	2	2	1	2	2
76	1	2	2	1	0	2	0
76	2	1	3	1	0	2	2
77	2	1	2	1	0	3	3
77	1	2	2	1	2	1	3
78	1	1	3	1	2	3	3
78	1	2	2	1	2	3	2
79	1	2	3	1	2	2	2
79	1	3	3	1	0	2	0
80	1	2	2	1	2	3	0
80	1	2	2	2	0	1	0
81	1	2	2	1	0	1	2
81	1	2	2	1	2	3	3
82	1	3	2	0	2	2	0
82	1	3	3	3	0	2	0
83	1	3	2	1	2	2	2
83	1	3	2	1	0	2	0
84	1	3	2	1	0	2	0
84	1	2	2	1	3	2	0
85	1	3	3	1	0	2	2
85	1	3	3	2	1	2	2
86	1	3	3	1	3	2	0
86	1	3	2	1	0	2	2
87	1	2	2	1	1	2	0
87	1	3	2	3	0	2	0
88	1	3	2	2	1	3	2
88	1	3	3	1	1	3	2
89	0	3	3	2	0	2	2
89	1	3	2	2	0	2	2
90	1	2	3	3	0	2	2
90	2	1	3	1	0	2	0
91	1	2	3	0	0	2	0
91	1	3	3	3	0	2	2
92	1	2	2	1	2	3	2
92	1	2	2	1	3	3	2
93	1	1	3	2	0	2	2
93	1	3	2	2	0	2	2
94	1	1	2	3	0	3	2
94	1	3	3	2	1	2	2
95	1	3	2	1	3	2	0
95	1	3	2	1	0	3	0
96	1	3	2	1	3	2	2
96	1	3	2	1	2	2	2
97	1	3	3	1	0	2	0
97	1	2	2	1	3	2	0
98	1	3	2	1	3	2	0
98	0	3	2	3	3	3	0
99	1	3	3	2	0	2	2
99	1	1	3	1	0	3	2
100	1	1	2	1	1	2	3
100	1	2	2	2	1	3	3
